0.000000000000000000e+00
-1.590706733001212569e-13
7.926645451128422337e-14
2.980254931728154588e-14
3.936781456381766020e-14
-6.959016696228559340e-14
-1.883805611502253896e-13
-6.989200884710555783e-14
4.939451625496360521e-14
-2.381324304412402171e-13
6.930220286527344342e-14
6.919118056281092777e-14
1.965441698281722438e-14
7.921094336005296555e-14
-1.194704057905227046e-13
1.188944775964984046e-13
1.683757300252608502e-13
-5.965714033884239598e-14
1.885262779222074414e-13
1.586127063024633799e-13
-9.953843305154919108e-15
-9.927128563624876278e-14
-2.383961084095886918e-13
-1.991809495116569906e-14
-9.929904121186439170e-14
1.092702317517790789e-13
-9.941006351432690735e-14
